2.210334915491788e-12,1.1070181703472332e-11,4.961311234710872e-11,1.9896800830595206e-10,7.140277501188322e-10,2.292936280950812e-09,6.588915520372449e-09,1.694263481121896e-08,3.898459422881629e-08,8.026942353452274e-08,1.4789460351311178e-07,2.4383697863382934e-07,3.597425981370076e-07,4.749295837530299e-07,5.610630091445895e-07,5.931152735254127e-07,5.610630091445895e-07,4.749295837530316e-07,3.597425981370076e-07,2.4383697863382934e-07,1.4789460351311178e-07,8.026942353452274e-08,3.8984594228816426e-08,1.694263481121902e-08,6.588915520372449e-09,2.292936280950828e-09,7.140277501188322e-10,1.9896800830595206e-10,4.961311234710872e-11,1.107018170347241e-11,1.1070181703472332e-11,5.544359910752598e-11,2.4848097214040535e-10,9.96505999922103e-10,3.5761173022859837e-09,1.148388015169277e-08,3.299974656696905e-08,8.48550346742541e-08,1.9524938900633317e-07,4.0201921325684564e-07,7.407113385298318e-07,1.2212265392828972e-06,1.8017251141191128e-06,2.3786245024006967e-06,2.8100128242084325e-06,2.970542519602797e-06,2.8100128242084325e-06,2.3786245024006967e-06,1.8017251141191128e-06,1.2212265392828972e-06,7.407113385298345e-07,4.0201921325684564e-07,1.9524938900633317e-07,8.48550346742541e-08,3.299974656696905e-08,1.1483880151692811e-08,3.576117302285996e-09,9.96505999922103e-10,2.4848097214040623e-10,5.544359910752617e-11,4.961311234710872e-11,2.4848097214040535e-10,1.1136144570286358e-09,4.466030048377225e-09,1.6027045827901996e-08,5.146718016091391e-08,1.4789460351311178e-07,3.802938814627635e-07,8.750470526998716e-07,1.8017251141191192e-06,3.3196379101646374e-06,5.4731576335109586e-06,8.07477175170126e-06,1.0660255434847559e-05,1.2593603761764774e-05,1.3313047943078399e-05,1.2593603761764774e-05,1.0660255434847559e-05,8.07477175170126e-06,5.4731576335109586e-06,3.3196379101646493e-06,1.8017251141191192e-06,8.750470526998716e-07,3.802938814627635e-07,1.4789460351311178e-07,5.1467180160914096e-08,1.6027045827902053e-08,4.466030048377225e-09,1.1136144570286397e-09,2.484809721404071e-10,1.9896800830595206e-10,9.96505999922103e-10,4.466030048377225e-09,1.79105293282802e-08,6.427472973466288e-08,2.064035462660794e-07,5.931152735254127e-07,1.5251273823782888e-06,3.5092813373929208e-06,7.2256232377243294e-06,1.3313047943078399e-05,2.1949505321603947e-05,3.2382996690889864e-05,4.275179869919867e-05,5.0505282562034384e-05,5.339053545328199e-05,5.0505282562034384e-05,4.275179869919882e-05,3.2382996690889864e-05,2.1949505321603947e-05,1.3313047943078399e-05,7.2256232377243294e-06,3.509281337392933e-06,1.525127382378294e-06,5.931152735254127e-07,2.0640354626608015e-07,6.42747297346631e-08,1.79105293282802e-08,4.466030048377225e-09,9.9650599992211e-10,7.140277501188322e-10,3.5761173022859837e-09,1.6027045827901996e-08,6.427472973466288e-08,2.3065989880828715e-07,7.407113385298345e-07,2.128486724686161e-06,5.4731576335109586e-06,1.259360376176473e-05,2.593027666892667e-05,4.777595026936809e-05,7.87692254370187e-05,0.00011621143753797078,0.00015342150177119135,0.00018124608867488228,0.00019160026896749175,0.00018124608867488228,0.00015342150177119135,0.00011621143753797078,7.876922543701883e-05,4.777595026936826e-05,2.593027666892667e-05,1.259360376176473e-05,5.4731576335109586e-06,2.128486724686161e-06,7.407113385298371e-07,2.3065989880828797e-07,6.427472973466288e-08,1.6027045827902053e-08,3.576117302286009e-09,2.292936280950812e-09,1.148388015169277e-08,5.146718016091391e-08,2.064035462660794e-07,7.407113385298345e-07,2.3786245024006967e-06,6.835146720478079e-06,1.7575789886529753e-05,4.044146879230299e-05,8.326913364274634e-05,0.00015342150177119135,0.0002529492933529206,0.00037318636614321597,0.0004926779493242088,0.0005820302256234473,0.0006152802997956063,0.0005820302256234473,0.0004926779493242093,0.00037318636614321597,0.0002529492933529206,0.00015342150177119135,8.326913364274634e-05,4.044146879230299e-05,1.7575789886529814e-05,6.835146720478079e-06,2.3786245024007136e-06,7.407113385298371e-07,2.064035462660794e-07,5.1467180160914096e-08,1.1483880151692811e-08,6.588915520372449e-09,3.299974656696905e-08,1.4789460351311178e-07,5.931152735254127e-07,2.128486724686161e-06,6.835146720478079e-06,1.9641280346397457e-05,5.0505282562034384e-05,0.00011621143753797078,0.00023927977920047084,0.00044086759958277986,0.0007268677889946361,0.0010723775711956546,0.0014157451359710005,0.0016725052583432317,0.0017680517118520169,0.0016725052583432317,0.0014157451359710018,0.0010723775711956546,0.0007268677889946367,0.0004408675995827807,0.00023927977920047084,0.00011621143753797119,5.050528256203456e-05,1.9641280346397457e-05,6.835146720478104e-06,2.1284867246861684e-06,5.931152735254127e-07,1.4789460351311231e-07,3.299974656696929e-08,1.694263481121896e-08,8.48550346742541e-08,3.802938814627635e-07,1.5251273823782888e-06,5.4731576335109586e-06,1.7575789886529753e-05,5.0505282562034384e-05,0.0001298684974545863,0.00029882428162948,0.0006152802997956063,0.0011336400833695211,0.0018690565187695959,0.0027574949947882965,0.003640425006262691,0.004300653988404916,0.004546340651756604,0.004300653988404916,0.003640425006262694,0.0027574949947882965,0.0018690565187695976,0.001133640083369522,0.0006152802997956063,0.00029882428162948,0.00012986849745458677,5.0505282562034384e-05,1.757578988652988e-05,5.473157633510978e-06,1.5251273823782888e-06,3.802938814627648e-07,8.48550346742544e-08,3.898459422881629e-08,1.9524938900633317e-07,8.750470526998716e-07,3.5092813373929208e-06,1.259360376176473e-05,4.044146879230299e-05,0.00011621143753797078,0.00029882428162948,0.0006875874676428004,0.0014157451359709992,0.0026084785007829993,0.004300653988404916,0.0063449295022655105,0.00837653017201381,0.009895701142391779,0.010461020231477923,0.009895701142391787,0.008376530172013818,0.0063449295022655105,0.004300653988404916,0.002608478500783004,0.0014157451359709992,0.0006875874676428009,0.00029882428162948,0.00011621143753797078,4.044146879230314e-05,1.2593603761764774e-05,3.5092813373929208e-06,8.750470526998746e-07,1.9524938900633386e-07,8.026942353452274e-08,4.0201921325684564e-07,1.8017251141191192e-06,7.2256232377243294e-06,2.593027666892667e-05,8.326913364274634e-05,0.00023927977920047084,0.0006152802997956063,0.0014157451359709992,0.002915024465028194,0.005370866869387053,0.008855062449657041,0.013064233284684921,0.01724730656886203,0.020375285209011215,0.021539279301848634,0.02037528520901122,0.01724730656886203,0.013064233284684921,0.008855062449657048,0.005370866869387057,0.002915024465028194,0.0014157451359710018,0.000615280299795608,0.00023927977920047084,8.326913364274664e-05,2.5930276668926763e-05,7.2256232377243294e-06,1.8017251141191255e-06,4.020192132568485e-07,1.4789460351311178e-07,7.407113385298318e-07,3.3196379101646374e-06,1.3313047943078399e-05,4.777595026936809e-05,0.00015342150177119135,0.00044086759958277986,0.0011336400833695211,0.0026084785007829993,0.005370866869387053,0.009895701142391779,0.016315252961952884,0.024070555346772774,0.031777773582413765,0.03754100371927134,0.039685636597788974,0.037541003719271354,0.03177777358241378,0.024070555346772774,0.016315252961952898,0.009895701142391787,0.005370866869387053,0.002608478500783004,0.0011336400833695242,0.00044086759958277986,0.0001534215017711919,4.777595026936826e-05,1.3313047943078399e-05,3.3196379101646493e-06,7.407113385298371e-07,2.4383697863382934e-07,1.2212265392828972e-06,5.4731576335109586e-06,2.1949505321603947e-05,7.87692254370187e-05,0.0002529492933529206,0.0007268677889946361,0.0018690565187695959,0.004300653988404916,0.008855062449657041,0.016315252961952884,0.026899304595224997,0.039685636597788974,0.05239269124081819,0.06189465135539531,0.06543055320005015,0.06189465135539531,0.05239269124081824,0.039685636597788974,0.02689930459522501,0.016315252961952912,0.008855062449657041,0.004300653988404919,0.0018690565187696009,0.0007268677889946361,0.00025294929335292147,7.876922543701896e-05,2.1949505321603947e-05,5.473157633510978e-06,1.221226539282906e-06,3.597425981370076e-07,1.8017251141191128e-06,8.07477175170126e-06,3.2382996690889864e-05,0.00011621143753797078,0.00037318636614321597,0.0010723775711956546,0.0027574949947882965,0.0063449295022655105,0.013064233284684921,0.024070555346772774,0.039685636597788974,0.05854983152431917,0.07729706534243887,0.09131569302624638,0.09653235263005393,0.09131569302624643,0.07729706534243891,0.05854983152431917,0.03968563659778901,0.024070555346772805,0.013064233284684921,0.006344929502265516,0.002757494994788304,0.0010723775711956546,0.0003731863661432176,0.00011621143753797119,3.2382996690889864e-05,8.074771751701288e-06,1.8017251141191255e-06,4.749295837530299e-07,2.3786245024006967e-06,1.0660255434847559e-05,4.275179869919867e-05,0.00015342150177119135,0.0004926779493242088,0.0014157451359710005,0.003640425006262691,0.00837653017201381,0.01724730656886203,0.031777773582413765,0.05239269124081819,0.07729706534243887,0.10204702823220876,0.12055431940411436,0.12744131579277665,0.12055431940411442,0.1020470282322088,0.07729706534243887,0.05239269124081824,0.03177777358241381,0.01724730656886203,0.008376530172013825,0.0036404250062627005,0.0014157451359710005,0.000492677949324211,0.0001534215017711919,4.275179869919867e-05,1.0660255434847596e-05,2.378624502400705e-06,5.610630091445895e-07,2.8100128242084325e-06,1.2593603761764774e-05,5.0505282562034384e-05,0.00018124608867488228,0.0005820302256234473,0.0016725052583432317,0.004300653988404916,0.009895701142391779,0.020375285209011215,0.03754100371927134,0.06189465135539531,0.09131569302624638,0.12055431940411436,0.14241810054398146,0.15055412544109578,0.14241810054398155,0.12055431940411442,0.09131569302624638,0.06189465135539533,0.03754100371927139,0.020375285209011215,0.009895701142391787,0.004300653988404924,0.0016725052583432317,0.0005820302256234499,0.00018124608867488293,5.0505282562034384e-05,1.2593603761764818e-05,2.8100128242084422e-06,5.931152735254127e-07,2.970542519602797e-06,1.3313047943078399e-05,5.339053545328199e-05,0.00019160026896749175,0.0006152802997956063,0.0017680517118520169,0.004546340651756604,0.010461020231477923,0.021539279301848634,0.039685636597788974,0.06543055320005015,0.09653235263005393,0.12744131579277665,0.15055412544109578,0.15915494309189535,0.15055412544109584,0.1274413157927767,0.09653235263005393,0.0654305532000502,0.03968563659778902,0.021539279301848634,0.010461020231477934,0.004546340651756612,0.0017680517118520169,0.0006152802997956091,0.00019160026896749242,5.339053545328199e-05,1.3313047943078446e-05,2.970542519602818e-06,5.610630091445895e-07,2.8100128242084325e-06,1.2593603761764774e-05,5.0505282562034384e-05,0.00018124608867488228,0.0005820302256234473,0.0016725052583432317,0.004300653988404916,0.009895701142391787,0.02037528520901122,0.037541003719271354,0.06189465135539531,0.09131569302624643,0.12055431940411442,0.14241810054398155,0.15055412544109584,0.14241810054398157,0.12055431940411447,0.09131569302624643,0.06189465135539536,0.03754100371927141,0.02037528520901122,0.009895701142391796,0.004300653988404924,0.0016725052583432317,0.0005820302256234499,0.00018124608867488293,5.0505282562034384e-05,1.2593603761764818e-05,2.8100128242084422e-06,4.749295837530316e-07,2.3786245024006967e-06,1.0660255434847559e-05,4.275179869919882e-05,0.00015342150177119135,0.0004926779493242093,0.0014157451359710018,0.003640425006262694,0.008376530172013818,0.01724730656886203,0.03177777358241378,0.05239269124081824,0.07729706534243891,0.1020470282322088,0.12055431940411442,0.1274413157927767,0.12055431940411447,0.10204702823220885,0.07729706534243891,0.05239269124081826,0.03177777358241382,0.01724730656886203,0.008376530172013825,0.0036404250062627005,0.0014157451359710018,0.0004926779493242114,0.0001534215017711919,4.275179869919882e-05,1.0660255434847596e-05,2.3786245024007136e-06,3.597425981370076e-07,1.8017251141191128e-06,8.07477175170126e-06,3.2382996690889864e-05,0.00011621143753797078,0.00037318636614321597,0.0010723775711956546,0.0027574949947882965,0.0063449295022655105,0.013064233284684921,0.024070555346772774,0.039685636597788974,0.05854983152431917,0.07729706534243887,0.09131569302624638,0.09653235263005393,0.09131569302624643,0.07729706534243891,0.05854983152431917,0.03968563659778901,0.024070555346772805,0.013064233284684921,0.006344929502265516,0.002757494994788304,0.0010723775711956546,0.0003731863661432176,0.00011621143753797119,3.2382996690889864e-05,8.074771751701288e-06,1.8017251141191255e-06,2.4383697863382934e-07,1.2212265392828972e-06,5.4731576335109586e-06,2.1949505321603947e-05,7.876922543701883e-05,0.0002529492933529206,0.0007268677889946367,0.0018690565187695976,0.004300653988404916,0.008855062449657048,0.016315252961952898,0.02689930459522501,0.03968563659778901,0.05239269124081824,0.06189465135539533,0.0654305532000502,0.06189465135539536,0.05239269124081826,0.03968563659778901,0.026899304595225035,0.016315252961952926,0.008855062449657048,0.004300653988404924,0.0018690565187696009,0.0007268677889946367,0.0002529492933529219,7.876922543701911e-05,2.1949505321603947e-05,5.473157633510978e-06,1.221226539282906e-06,1.4789460351311178e-07,7.407113385298345e-07,3.3196379101646493e-06,1.3313047943078399e-05,4.777595026936826e-05,0.00015342150177119135,0.0004408675995827807,0.001133640083369522,0.002608478500783004,0.005370866869387057,0.009895701142391787,0.016315252961952912,0.024070555346772805,0.03177777358241381,0.03754100371927139,0.03968563659778902,0.03754100371927141,0.03177777358241382,0.024070555346772805,0.016315252961952926,0.009895701142391805,0.005370866869387057,0.0026084785007830084,0.001133640083369525,0.0004408675995827807,0.00015342150177119246,4.777595026936843e-05,1.3313047943078399e-05,3.319637910164661e-06,7.407113385298371e-07,8.026942353452274e-08,4.0201921325684564e-07,1.8017251141191192e-06,7.2256232377243294e-06,2.593027666892667e-05,8.326913364274634e-05,0.00023927977920047084,0.0006152802997956063,0.0014157451359709992,0.002915024465028194,0.005370866869387053,0.008855062449657041,0.013064233284684921,0.01724730656886203,0.020375285209011215,0.021539279301848634,0.02037528520901122,0.01724730656886203,0.013064233284684921,0.008855062449657048,0.005370866869387057,0.002915024465028194,0.0014157451359710018,0.000615280299795608,0.00023927977920047084,8.326913364274664e-05,2.5930276668926763e-05,7.2256232377243294e-06,1.8017251141191255e-06,4.020192132568485e-07,3.8984594228816426e-08,1.9524938900633317e-07,8.750470526998716e-07,3.509281337392933e-06,1.259360376176473e-05,4.044146879230299e-05,0.00011621143753797119,0.00029882428162948,0.0006875874676428009,0.0014157451359710018,0.002608478500783004,0.004300653988404919,0.006344929502265516,0.008376530172013825,0.009895701142391787,0.010461020231477934,0.009895701142391796,0.008376530172013825,0.006344929502265516,0.004300653988404924,0.0026084785007830084,0.0014157451359710018,0.0006875874676428022,0.00029882428162948107,0.00011621143753797119,4.044146879230314e-05,1.2593603761764774e-05,3.509281337392933e-06,8.750470526998746e-07,1.9524938900633455e-07,1.694263481121902e-08,8.48550346742541e-08,3.802938814627635e-07,1.525127382378294e-06,5.4731576335109586e-06,1.7575789886529814e-05,5.050528256203456e-05,0.00012986849745458677,0.00029882428162948,0.000615280299795608,0.0011336400833695242,0.0018690565187696009,0.002757494994788304,0.0036404250062627005,0.004300653988404924,0.004546340651756612,0.004300653988404924,0.0036404250062627005,0.002757494994788304,0.0018690565187696009,0.001133640083369525,0.000615280299795608,0.00029882428162948107,0.000129868497454587,5.050528256203456e-05,1.757578988652988e-05,5.473157633510978e-06,1.525127382378294e-06,3.802938814627648e-07,8.485503467425471e-08,6.588915520372449e-09,3.299974656696905e-08,1.4789460351311178e-07,5.931152735254127e-07,2.128486724686161e-06,6.835146720478079e-06,1.9641280346397457e-05,5.0505282562034384e-05,0.00011621143753797078,0.00023927977920047084,0.00044086759958277986,0.0007268677889946361,0.0010723775711956546,0.0014157451359710005,0.0016725052583432317,0.0017680517118520169,0.0016725052583432317,0.0014157451359710018,0.0010723775711956546,0.0007268677889946367,0.0004408675995827807,0.00023927977920047084,0.00011621143753797119,5.050528256203456e-05,1.9641280346397457e-05,6.835146720478104e-06,2.1284867246861684e-06,5.931152735254127e-07,1.4789460351311231e-07,3.299974656696929e-08,2.292936280950828e-09,1.1483880151692811e-08,5.1467180160914096e-08,2.0640354626608015e-07,7.407113385298371e-07,2.3786245024007136e-06,6.835146720478104e-06,1.757578988652988e-05,4.044146879230314e-05,8.326913364274664e-05,0.0001534215017711919,0.00025294929335292147,0.0003731863661432176,0.000492677949324211,0.0005820302256234499,0.0006152802997956091,0.0005820302256234499,0.0004926779493242114,0.0003731863661432176,0.0002529492933529219,0.00015342150177119246,8.326913364274664e-05,4.044146879230314e-05,1.757578988652988e-05,6.835146720478104e-06,2.378624502400722e-06,7.407113385298398e-07,2.0640354626608015e-07,5.1467180160914275e-08,1.1483880151692892e-08,7.140277501188322e-10,3.576117302285996e-09,1.6027045827902053e-08,6.42747297346631e-08,2.3065989880828797e-07,7.407113385298371e-07,2.1284867246861684e-06,5.473157633510978e-06,1.2593603761764774e-05,2.5930276668926763e-05,4.777595026936826e-05,7.876922543701896e-05,0.00011621143753797119,0.0001534215017711919,0.00018124608867488293,0.00019160026896749242,0.00018124608867488293,0.0001534215017711919,0.00011621143753797119,7.876922543701911e-05,4.777595026936843e-05,2.5930276668926763e-05,1.2593603761764774e-05,5.473157633510978e-06,2.1284867246861684e-06,7.407113385298398e-07,2.3065989880828876e-07,6.42747297346631e-08,1.602704582790211e-08,3.576117302286009e-09,1.9896800830595206e-10,9.96505999922103e-10,4.466030048377225e-09,1.79105293282802e-08,6.427472973466288e-08,2.064035462660794e-07,5.931152735254127e-07,1.5251273823782888e-06,3.5092813373929208e-06,7.2256232377243294e-06,1.3313047943078399e-05,2.1949505321603947e-05,3.2382996690889864e-05,4.275179869919867e-05,5.0505282562034384e-05,5.339053545328199e-05,5.0505282562034384e-05,4.275179869919882e-05,3.2382996690889864e-05,2.1949505321603947e-05,1.3313047943078399e-05,7.2256232377243294e-06,3.509281337392933e-06,1.525127382378294e-06,5.931152735254127e-07,2.0640354626608015e-07,6.42747297346631e-08,1.79105293282802e-08,4.466030048377225e-09,9.9650599992211e-10,4.961311234710872e-11,2.4848097214040623e-10,1.1136144570286397e-09,4.466030048377225e-09,1.6027045827902053e-08,5.1467180160914096e-08,1.4789460351311231e-07,3.802938814627648e-07,8.750470526998746e-07,1.8017251141191255e-06,3.3196379101646493e-06,5.473157633510978e-06,8.074771751701288e-06,1.0660255434847596e-05,1.2593603761764818e-05,1.3313047943078446e-05,1.2593603761764818e-05,1.0660255434847596e-05,8.074771751701288e-06,5.473157633510978e-06,3.319637910164661e-06,1.8017251141191255e-06,8.750470526998746e-07,3.802938814627648e-07,1.4789460351311231e-07,5.1467180160914275e-08,1.602704582790211e-08,4.466030048377225e-09,1.1136144570286436e-09,2.484809721404071e-10,1.107018170347241e-11,5.544359910752617e-11,2.484809721404071e-10,9.9650599992211e-10,3.576117302286009e-09,1.1483880151692811e-08,3.299974656696929e-08,8.48550346742544e-08,1.9524938900633386e-07,4.020192132568485e-07,7.407113385298371e-07,1.221226539282906e-06,1.8017251141191255e-06,2.378624502400705e-06,2.8100128242084422e-06,2.970542519602818e-06,2.8100128242084422e-06,2.3786245024007136e-06,1.8017251141191255e-06,1.221226539282906e-06,7.407113385298371e-07,4.020192132568485e-07,1.9524938900633455e-07,8.485503467425471e-08,3.299974656696929e-08,1.1483880151692892e-08,3.576117302286009e-09,9.9650599992211e-10,2.484809721404071e-10,5.5443599107526566e-11
